;**** Snare Drum ****
Sound:	@0,8,1,8
Tone1:	400,100,2,0
Vol1:	15,-7,1,1
Vol2:	15,-7,1,1
Noise:	3,20,-10,4,0

;**** Closed Hi Hat ****
Sound:	@1,4,2,4
Vol1:	13,-10,1,1
Vol2:	13,-10,1,1
Noise:	3,0,10,1,0

;**** Open Hi Hat ****
Sound:	@2,10,2,10
Tone2:	100,-60,1,0
Vol1:	13,-5,1,1
Vol2:	11,-5,1,1
Noise:	3,0,4,1,0

;**** Hi Tam ****
Sound:	@3,7,2,7
Tone1:	100,-15,1,0
Tone2:	100,-30,1,0
Vol1:	15,-15,1,1
Vol2:	15,-15,1,1

;**** Bass Drum ****
Sound:	@4,10,1,10
Tone1:	500,200,2,0
Tone1:	1500,550,2,0
Vol1:	13,-6,1,1
Vol2:	15,-6,1,1
Noise:	1,30,0,4,0

;**** Snare Drum 2 ****
Sound:	@5,16,1,16
Tone1:	400,100,2,0
Vol1:	15,-4,1,1
Vol2:	15,-4,1,1
Noise:	3,20,-5,4,0

;**** â£ÇÈ(ƒﬁ∂Ø!) ****
Sound:	@10,6,8,6
Tone1:	500,1000,1,0
Tone2:	2000,1000,1,0
Vol1:	15,0,1,1
Vol2:	15,0,1,1

Sound:	50,1,50
Tone1:	500,1000,4,0
Vol1:	14,-14,1,1
Vol2:	15,-15,1,1
Noise:	3,20,10,30,1

;**** ì|ÇÍÇÈ(¿ﬁ¿ﬁ›!) ****
Sound:	@11,30,6,100
Tone1:	200,2000,1,0
Tone2:	450,3000,1,0
Vol1:	14,0,1,1
Vol2:	15,0,1,1
Noise:	1,0,3,2,0

Sound:	150,16,150
Tone1:	300,2000,1,0
Tone2:	450,3000,1,0
Vol1:	14,-7,1,1
Vol2:	15,-7,1,1

;**** íÖín(Ω¿Ø) ****
Sound:	@12,30,1,30
Tone1:	40,800,3,0
Tone2:	80,500,3,0
Vol1:	15,-15,1,1
Vol2:	15,-15,1,1
Noise:	3,10,-4,4,0

;**** ñhå‰(∂ﬁØ) ****
Sound:	@13,8,1,8
Tone1:	400,100,2,0
Vol1:	15,-7,1,1
Vol2:	15,-7,1,1
Noise:	3,20,-10,4,0

;**** îÇØ(ÀÆ≤) ****
Sound:	@14,24,24,1
Tone1:	200,-100,1,1
Tone2:	350,-150,1,1
Vol1:	15,-2,1,0
Vol2:	15,-2,1,0

;**** ï˙ÇËìäÇ∞(À≠Ø) ****
Sound:	@15,20,20,20
Tone1:	200,-120,1,1
Vol1:	10,5,1,1
Vol2:	10,5,1,1
Noise:	3,20,-13,1,1

Sound:	40,1,80
Tone1:	200,-120,10,0
Vol1:	15,-15,1,1
Vol2:	15,-15,1,1
Noise:	3,0,30,10,0

;**** ∑¨◊•æ⁄∏ƒ ****
Sound:	@16,40,10,60
Tone1:	200,-100,1,0
Tone2:	250,-120,1,0
Vol1:	15,-15,1,1
Vol2:	15,-15,1,1

;**** åàíË ****
Sound:	@17,5,5,5
Tone1:	100,-60,1,0
Tone2:	1000,-160,1,0
Vol1:	15,0,1,1
Vol2:	15,0,1,1

Sound:	40,4,60
Tone1:	100,-60,1,0
Tone2:	2000,-160,1,0
Vol1:	15,-15,1,1
Vol2:	15,-15,1,1

;**** Depic(ΩÕﬂ∞Ω∑∞) ****
Sound:	@18,0,0,0
Tone1:	0,0,0,0
Vol1:	0,0,0,0
Vol2:	0,0,0,0

;**** Depic(√›∑∞) ***
Sound:	@19,0,0,0
Tone1:	0,0,0,0
Vol1:	0,0,0,0
Vol2:	0,0,0,0

;**** óéâ∫âπ ****
Sound:	@20,4,4,30
Tone1:	200,1000,3,0
Tone2:	200,1500,3,0
Vol1:	15,-1,1,1
Vol2:	15,-1,1,1
Noise:	0,31,0,2,0

Sound:	1,1,1
Vol1:	0,0,1,1
Vol2:	0,0,1,1

Sound:	4,4,10
Tone1:	100,1000,3,0
Tone2:	100,1500,3,0
Vol1:	15,-1,1,1
Vol2:	15,-1,1,1
Noise:	3,21,0,2,0

;**** ìÅÇ∆ìÅ ****
Sound:	@21,3,2,1
Tone1:	40,-10,1,1
Tone2:	30,-10,4,1
Vol1:	15,-1,1,1
Vol2:	15,-1,1,1

Sound:	2,1,1
Vol1:	0,0,1,1
Vol2:	0,0,1,1

Sound:	10,1,10
Tone1:	30,5,6,0
Tone2:	25,5,6,0
Vol1:	15,-0,2,1
Vol2:	15,-0,2,1
Noise:	2,10,31,8,1

;**** ìÅÇ≈ì˜êÿÇË ****
Sound:	@22,3,1,2
Tone1:	1040,500,4,1
Tone2:  820,500,4,1
Vol1:	15,1,1,1
Vol2:	15,1,1,1
Noise:	3,10,31,4,1

Sound:	2,1,1
Vol1:	0,0,1,1
Vol2:	0,0,1,1

Sound:	8,2,10
Tone1:	920,-380,4,1
Tone2:	940,-380,4,1
Vol1:	15,1,2,1
Vol2:	15,1,2,1
Noise:	3,31,-31,4,1

;**** Door Open ****
Sound:	@23,15,5,10
Tone1:	300,1500,1,0
Tone2:	350,1500,1,0
Vol1:	11,0,1,1
Vol2:	12,0,1,1
Noise:	1,31,-11,10,0

Sound:	40,1,100
Tone1:	200,2400,8,0
Tone2:	350,2400,8,0
Vol1:	11,1,1,1
Vol2:	12,1,1,1
Noise:	1,31,-11,10,0

;**** Œﬂ¡¨ ****
Sound:	@24,8,2,8
Tone1:	260,200,2,1
Tone2:  200,200,2,0
Vol1:	15,0,1,1
Vol2:	15,0,1,1

Sound:	4,1,8
Noise:	3,10,21,10,0
Vol1:	15,3,1,0

Sound:	8,2,8
Tone1:	260,-150,2,1
Tone2:  200,-150,2,0
Vol1:	15,-15,1,1
Vol2:	15,-15,1,1

;**** îöî≠ ****
Sound:  @25,6,7,10
Tone1:  10,1200,2,1
Tone2:  20,1200,2,1
Vol1:	15,-1,7,2
Vol2:	15,-1,7,2

Sound:	6,7,10
Tone1:	10,1200,2,1
Tone2:	20,1200,2,1
Vol1:	15,-1,7,2
Vol2:	15,-1,7,2

Sound:	55,3,10
Tone1:  520,-500,5,0
Tone2:  500,500,5,0
Vol1:	15,-10,10,1
Vol2:	15,-10,10,1
Noise:	3,10,21,15,1

;**** êÏÇÃÇπÇπÇÁÇ¨ ****
Sound:	@26,240,5,40
Vol1:	11,0,4,1
Vol2:	11,0,4,1
Noise:	3,11,-1,10,0

Sound:	,140,5,40
Vol1:	11,-9,4,1
Vol2:	11,-9,4,1
Noise:	3,11,-1,10,0

;**** îgÇÃâπ ****
Sound:	@27,8,40,30
Vol1:	13,-10,6,0
Vol2:	13,-10,6,0
Noise:	3,31,-31,6,0

Sound:	1,1,1
Vol1:	0,0,1,1
Vol2:	0,0,1,1
Noise:	3,31,-31,6,0

Sound:	,100,40,30
Vol1:	13,-8,6,0
Vol2:	13,-8,6,0
Noise:	3,31,-31,6,0

Sound:	,180,50,40
Vol1:	13,-8,6,0
Vol2:	13,-8,6,0
Noise:	3,15,16,6,0

;**** åÆÇäJÇØÇÈ ****
Sound:	@28,2,1,4
Tone1:	30,40,2,0
Tone2:	34,40,2,0
Vol1:	15,-0,3,0
Vol2:	15,-0,3,0
Noise:	2,31,0,2,0

Sound:	1,1,1
Vol1:	0,0,1,1
Vol2:	0,0,1,1

Sound:	4,1,4
Tone1:	10,20,2,0
Tone2:	14,20,2,0
Vol1:	15,-0,3,0
Vol2:	15,-0,3,0
Noise:	2,31,0,2,0

;**** ìÅÇ∆ìÅÇÃãÛêUÇË ****
Sound:	@29,18,4,8
Tone1:  140,-50,4,1
Tone2:  150,-50,4,1
Vol1:	15,-5,4,1
Vol2:	15,-5,4,1
Noise:3,15,-10,4,1

;**** èÈÇÃî‡ ****
Sound:	@30,15,5,10
Tone1:	300,1500,1,0
Tone2:	350,1500,1,0
Vol1:	15,0,1,1
Vol2:	15,0,1,1
Noise:	1,31,-11,10,0

Sound:	40,1,100
Tone1:	200,2400,8,0
Tone2:	350,2400,8,0
Vol1:	15,1,1,1
Vol2:	15,1,1,1
Noise:	1,31,-11,10,0

;**** ë´âπ ****
Sound:	@31,4,3,5
Vol1:	15,-0,1,0
Vol2:	15,-0,1,0
Noise:	3,20,0,4,0

Sound:	10,1,1
Vol1:	0,0,1,0
Vol2:	0,0,1,0

Sound:	4,3,5
Vol1:	14,-0,1,0
Vol2:	14,-0,1,0
Noise:	3,23,0,4,0

Sound:	10,1,1
Vol1:	0,0,1,0
Vol2:	0,0,1,0

Sound:  4,3,5
Vol1:	13,-0,1,0
Vol2:	13,-0,1,0
Noise:	3,26,0,4,0

Sound:	10,1,1
Vol1:	0,0,1,0
Vol2:	0,0,1,0

Sound:	4,3,5
Vol1:	11,-0,1,0
Vol2:	11,-0,1,0
Noise:	3,30,0,4,0

;**** ∂ﬁ◊ΩäÑÇËâπ ****
Sound:	@32,2,1,1
Tone1:	10,50,1,0
Tone2:	10,90,2,0
Vol1:	15,-5,1,0
Vol2:	15,-5,2,0
Noise:	2,0,1,1

Sound:	1,1,1
Vol1:	0,0,1,1
Vol2:	0,0,1,1

Sound:	,4,1,1
Tone1:	10,30,2,0
Tone2:	7,55,3,0
Vol1:	15,-0,1,0
Vol2:	15,-0,1,0
Noise:	0,31,0,1,1

Sound:	,4,1,1
Tone1:	0,30,2,0
Tone2:	17,55,3,0
Vol1:	15,-0,3,0
Vol2:	14,-0,2,0
Noise:	3,5,0,1,1

Sound:	,4,1,1
Tone1:	10,30,2,0
Tone2:	7,55,3,0
Vol1:	15,-0,3,0
Vol2:	14,-0,1,0
Noise:	2,11,0,1,1

Sound:	,8,4,1
Tone1:	1,30,2,0
Tone2:	7,55,3,0
Vol1:	15,-7,3,0
Vol2:	13,-7,4,1
Noise:	2,0,0,2,1

Sound:	,3,1,1
Tone1:	1,30,2,0
Tone2:	7,55,3,0
Vol1:	13,-7,3,0
Vol2:	11,-7,4,0
Noise:	2,1,20,3,1

Sound:	,3,1,1
Tone1:	1,30,2,0
Tone2:	7,55,3,0
Vol1:	10,-7,3,0
Vol2:	 8,-7,4,0
Noise:	2,1,20,3,1

Sound:	,3,1,1
Tone1:	1,30,2,0
Tone2:	7,55,3,0
Vol1:	7,-7,3,0
Vol2:	5,-7,4,0
Noise:	2,1,20,3,1

Sound:	,3,1,1
Tone1:	1,30,2,0
Tone2:	7,55,3,0
Vol1:	4,-7,3,0
Vol2:	3,-7,4,0
Noise:	2,1,20,3,1

;**** äKíi ****
Sound:	@33,4,3,5
Vol1:	15,-3,1,0
Vol2:	15,-3,1,0
Noise:	3,30,0,4,0

Sound:	10,1,1
Vol1:	0,0,1,0
Vol2:	0,0,1,0

Sound:	4,3,5
Vol1:	14,-3,1,0
Vol2:	14,-3,1,0
Noise:	3,30,0,4,0

Sound:	10,1,1
Vol1:	0,0,1,0
Vol2:	0,0,1,0

Sound:	4,3,5
Vol1:	13,-3,1,0
Vol2:	13,-3,1,0
Noise:	3,30,0,4,0

Sound:	10,1,1
Vol1:	0,0,1,0
Vol2:	0,0,1,0

Sound:	4,3,5
Vol1:	13,-3,1,0
Vol2:	13,-3,1,0
Noise:	3,30,0,4,0

;**** ‹∞Ãﬂ ****
Sound:	@34,200,15,300
Tone1:	300,-100,1,0
Tone2:	360,-100,1,0
Vol1:	15,-15,1,0
Vol2:	13,-15,1,0

;**** ìdåÇ.1 ****
Sound:	@35,60,2,40
Tone1:	240,-50,1,0
Tone2:	300,-50,1,0
Vol1:	11,5,1,1
Vol2:	11,5,1,1

Sound:	180,2,80
Tone1:	240,-50,1,0
Tone2:	300,-50,1,0
Vol1:	15,-15,1,1
Vol2:	15,-15,1,1

;**** êÌé‘ ****
Sound:	@36,400,6,900
Tone1:	3890,-2290,1,0
Tone2:	2270,2000,1,0
Vol1:	15,-10,1,1
Vol2:	15,-10,1,1
Noise:	2,31,10,1,0

;**** ¿ﬁ“∞ºﬁ! ****
Sound:	@37,4,6,6
Tone1:	300,300,1,0
Tone2:	570,555,1,0
Vol1:	15,-7,1,1
Vol2:	15,-7,1,1
Noise:	1,31,0,1,1

Sound:	3,3,1
Tone1:	1000,-300,1,0
Tone2:	1270,-555,1,0
Vol1:	15,-10,1,1
Vol2:	15,-1,1,1
Noise:	1,0,0,1,1

Sound:	4,6,8
Tone1:	1220,810,1,0
Tone2:	4970,1,1,0
Vol1:	15,-5,1,1
Vol2:	15,-5,1,1
Noise:	3,10,-10,10,1

Sound:	10,6,10
Tone1:	1220,1,1,0
Tone2:	1470,1,1,0
Vol1:	15,-10,1,0
Vol2:	15,-10,1,0
Noise:	3,10,10,1,0

;**** ºÆØƒ1 ****
Sound:  @38,6,4,1
Tone1:  150,500,1,0
Tone2:  130,500,2,0
Vol1:	15,-0,1,0
Vol2:	15,-0,2,0
Noise:  0,31,-31,2,1

Sound:  15,10,2
Tone1:  150,-400,9,1
Tone2:  150,500,9,1
Vol1:	15,-0,13,1
Vol2:	15,-0,10,1
Noise:  3,0,31,1,1

;**** ºÆØƒ2 ****
Sound:  @39,4,10,10
Tone1:  00,1050,1,1
Tone2:  50,1050,1,1
Vol1:   15,-1,8,1
Vol2:   15,-1,8,1
Noise:  2,31,0,1,1

Sound:  25,10,2
Tone1:  30,400,3,1
Tone2:  50,500,3,1
Vol1:   15,-1,20,1
Vol2:   15,-1,20,1
Noise:  1,20,11,3,1

;**** ó¨ÇÍêØ ****
Sound:	@40,100,2,100
Tone1:	7,20,3,0
Tone2:	23,-20,3,0
Vol1:	15,-15,1,1
Vol2:	15,-15,1,1

;**** éæëñ ****
Sound:	@41,70,3,70
Vol1:	5,10,1,0
Vol2:	5,10,1,0
Noise:	3,20,-20,50,1

Sound:	150,3,150
Vol1:	15,-15,1,0
Vol2:	15,-15,1,0
Noise:	3,0,30,50,1

;**** é®ñ¬ÇË ****
Sound:	@42,100,3,70
Tone1:	9,0,1,0
Tone2:	12,0,1,0
Vol1:	5,10,1,1
Vol2:	5,10,1,1

Sound:	100,3,100
Tone1:	9,0,1,0
Tone2:	12,0,1,0
Vol1:	15,-15,1,1
Vol2:	15,-15,1,1

;**** ì∫ëˆÇÃâπ ****
Sound:	@43,120,3,120
Tone1:	330,0,1,0
Tone2:	800,0,1,0
Vol1:	15,-15,1,0
Vol2:	15,-15,1,0
Noise:	1,0,0,4,0

;**** …Ø∏ ****
Sound:	@44,4,1,5
Tone1:  180,10,1,1
Tone2:  175,10,1,1
Vol1:	15,0,2,1
Vol2:	15,0,2,1
Noise:  2,5,0,2,1

Sound:  10,1,1
Vol1:	0,0,1,1
Vol2:	0,0,1,1

Sound:	4,2,5
Tone1:  180,10,1,1
Tone2:  175,10,1,1
Vol1:   15,0,1,1
Vol2:   15,0,1,1
Noise:  2,5,0,2,1

;**** è¨îö(ŒﬁŒﬁ›) ****
Sound:	@45,15,3,20
Tone1:	390,1050,1,0
Tone2:	450,1450,1,0
Vol1:	11,0,1,1
Vol2:	13,0,1,1
Noise:	1,0,3,2,0

Sound:	300,16,60
Tone1:	330,1050,1,0
Tone2:	225,1050,1,0
Vol1:	11,-7,1,1
Vol2:	12,-7,1,1

;**** º¨Ø¿∞ ****
Sound:	@46,400,6,800
Tone1:	3890,-2290,1,0
Tone2:	2270,2000,1,0
Vol1:	12,-10,1,1
Vol2:	13,-10,1,1
Noise:	2,31,10,1,0

;****  ﬁ ﬁ••› ****
Sound:	@47,30,13,100
Tone1:	300,2000,1,0
Tone2:	450,3000,1,0
Vol1:	14,0,1,1
Vol2:	15,0,1,1
Noise:  0,31,-31,2,1

Sound:	150,16,150
Tone1:	200,2000,1,0
Tone2:	450,3000,1,0
Vol1:	14,-7,1,1
Vol2:	15,-7,1,1

